image: company_map0614.pgm
resolution: 0.050000
origin: [-4.679016, -4.562700, 0.000000]
negate: 0
occupied_thresh: 0.65
free_thresh: 0.196

