image: company_map0615.pgm
resolution: 0.050000
origin: [-4.299055, -9.325369, 0.000000]
negate: 0
occupied_thresh: 0.65
free_thresh: 0.196

